7.214900000, 124.249231000
7.214900176, 124.249232159
7.214900352, 124.249233318
7.214900528, 124.249234478
7.214900704, 124.249235637
7.214900880, 124.249236796
7.214901056, 124.249237955
7.214901232, 124.249239115
7.214901408, 124.249240274
7.214901584, 124.249241433
7.214901760, 124.249242592
7.214901936, 124.249243751
7.214902112, 124.249244911
7.214902288, 124.249246070
7.214902464, 124.249247229
7.214902640, 124.249248388
7.214902816, 124.249249547
7.214902992, 124.249250707
7.214903168, 124.249251866
7.214903344, 124.249253025
7.214903520, 124.249254184
7.214903696, 124.249255344
7.214903872, 124.249256503
7.214904047, 124.249257662
7.214904223, 124.249258821
7.214904399, 124.249259980
7.214904575, 124.249261140
7.214904751, 124.249262299
7.214904927, 124.249263458
7.214905103, 124.249264617
7.214905279, 124.249265777
7.214905455, 124.249266936
7.214905631, 124.249268095
7.214905807, 124.249269254
7.214905983, 124.249270413
7.214906159, 124.249271573
7.214906335, 124.249272732
7.214906511, 124.249273891
7.214906687, 124.249275050
7.214906863, 124.249276209
7.214907039, 124.249277369
7.214907215, 124.249278528
7.214907391, 124.249279687
7.214907567, 124.249280846
7.214907743, 124.249282006
7.214907919, 124.249283165
7.214908095, 124.249284324
7.214908271, 124.249285483
7.214908447, 124.249286642
7.214908623, 124.249287802
7.214908799, 124.249288961
7.214908975, 124.249290120
7.214909151, 124.249291279
7.214909327, 124.249292439
7.214909503, 124.249293598
7.214909679, 124.249294757
7.214909855, 124.249295916
7.214910031, 124.249297075
7.214910207, 124.249298235
7.214910383, 124.249299394
7.214910559, 124.249300553
7.214910735, 124.249301712
7.214910911, 124.249302872
7.214911087, 124.249304031
7.214911263, 124.249305190
7.214911439, 124.249306349
7.214911615, 124.249307508
7.214911791, 124.249308668
7.214911966, 124.249309827
7.214912142, 124.249310986
7.214912318, 124.249312145
7.214912494, 124.249313304
7.214912670, 124.249314464
7.214912846, 124.249315623
7.214913022, 124.249316782
7.214913198, 124.249317941
7.214913374, 124.249319101
7.214913550, 124.249320260
7.214913726, 124.249321419
7.214913902, 124.249322578
7.214914078, 124.249323737
7.214914254, 124.249324897
7.214914430, 124.249326056
7.214914606, 124.249327215
7.214914782, 124.249328374
7.214914958, 124.249329534
7.214915134, 124.249330693
7.214915310, 124.249331852
7.214915486, 124.249333011
7.214915662, 124.249334170
7.214915838, 124.249335330
7.214916014, 124.249336489
7.214916190, 124.249337648
7.214916366, 124.249338807
7.214916542, 124.249339966
7.214916718, 124.249341126
7.214916894, 124.249342285
7.214917070, 124.249343444
7.214917246, 124.249344603
7.214917422, 124.249345763
7.214917598, 124.249346922
7.214917774, 124.249348081
7.214917950, 124.249349240
7.214918126, 124.249350399
7.214918302, 124.249351559
7.214918478, 124.249352718
7.214918654, 124.249353877
7.214918830, 124.249355036
7.214919006, 124.249356196
7.214919182, 124.249357355
7.214919358, 124.249358514
7.214919534, 124.249359673
7.214919709, 124.249360832
7.214919885, 124.249361992
7.214920061, 124.249363151
7.214920237, 124.249364310
7.214920413, 124.249365469
7.214920589, 124.249366628
7.214920765, 124.249367788
7.214920941, 124.249368947
7.214921117, 124.249370106
7.214921293, 124.249371265
7.214921469, 124.249372425
7.214921645, 124.249373584
7.214921821, 124.249374743
7.214921997, 124.249375902
7.214922173, 124.249377061
7.214922349, 124.249378221
7.214922525, 124.249379380
7.214922701, 124.249380539
7.214922877, 124.249381698
7.214923053, 124.249382858
7.214923229, 124.249384017
7.214923405, 124.249385176
7.214923581, 124.249386335
7.214923757, 124.249387494
7.214923933, 124.249388654
7.214924109, 124.249389813
7.214924285, 124.249390972
7.214924461, 124.249392131
7.214924637, 124.249393291
7.214924813, 124.249394450
7.214924989, 124.249395609
7.214925165, 124.249396768
7.214925341, 124.249397927
7.214925517, 124.249399087
7.214925693, 124.249400246
7.214925869, 124.249401405
7.214926045, 124.249402564
7.214926221, 124.249403723
7.214926397, 124.249404883
7.214926573, 124.249406042
7.214926749, 124.249407201
7.214926925, 124.249408360
7.214927101, 124.249409520
7.214927277, 124.249410679
7.214927453, 124.249411838
7.214927628, 124.249412997
7.214927804, 124.249414156
7.214927980, 124.249415316
7.214928156, 124.249416475
7.214928332, 124.249417634
7.214928508, 124.249418793
7.214928684, 124.249419953
7.214928860, 124.249421112
7.214929036, 124.249422271
7.214929212, 124.249423430
7.214929388, 124.249424589
7.214929564, 124.249425749
7.214929740, 124.249426908
7.214929916, 124.249428067
7.214930092, 124.249429226
7.214930268, 124.249430385
7.214930444, 124.249431545
7.214930620, 124.249432704
7.214930796, 124.249433863
7.214930972, 124.249435022
7.214931148, 124.249436182
7.214931324, 124.249437341
7.214931500, 124.249438500
7.214931676, 124.249439659
7.214931852, 124.249440818
7.214932028, 124.249441978
7.214932204, 124.249443137
7.214932380, 124.249444296
7.214932556, 124.249445455
7.214932732, 124.249446615
7.214932908, 124.249447774
7.214933084, 124.249448933
7.214933260, 124.249450092
7.214933436, 124.249451251
7.214933612, 124.249452411
7.214933788, 124.249453570
7.214933964, 124.249454729
7.214934140, 124.249455888
7.214934316, 124.249457047
7.214934492, 124.249458207
7.214934668, 124.249459366
7.214934844, 124.249460525
7.214935020, 124.249461684
7.214935196, 124.249462844
7.214935372, 124.249464003
7.214935547, 124.249465162
7.214935723, 124.249466321
7.214935899, 124.249467480
7.214936075, 124.249468640
7.214936251, 124.249469799
7.214936427, 124.249470958
7.214936603, 124.249472117
7.214936779, 124.249473277
7.214936955, 124.249474436
7.214937131, 124.249475595
7.214937307, 124.249476754
7.214937483, 124.249477913
7.214937659, 124.249479073
7.214937835, 124.249480232
7.214938011, 124.249481391
7.214938187, 124.249482550
7.214938363, 124.249483709
7.214938539, 124.249484869
7.214938715, 124.249486028
7.214938891, 124.249487187
7.214939067, 124.249488346
7.214939243, 124.249489506
7.214939419, 124.249490665
7.214939595, 124.249491824
7.214939771, 124.249492983
7.214939947, 124.249494142
7.214940123, 124.249495302
7.214940299, 124.249496461
7.214940475, 124.249497620
7.214940651, 124.249498779
7.214940827, 124.249499939
7.214941003, 124.249501098
7.214941179, 124.249502257
7.214941355, 124.249503416
7.214941531, 124.249504575
7.214941707, 124.249505735
7.214941883, 124.249506894
7.214942059, 124.249508053
7.214942235, 124.249509212
7.214942411, 124.249510372
7.214942587, 124.249511531
7.214942763, 124.249512690
7.214942939, 124.249513849
7.214943115, 124.249515008
7.214943291, 124.249516168
7.214943466, 124.249517327
7.214943642, 124.249518486
7.214943818, 124.249519645
7.214943994, 124.249520804
7.214944170, 124.249521964
7.214944346, 124.249523123
7.214944522, 124.249524282
7.214944698, 124.249525441
7.214944874, 124.249526601
7.214945050, 124.249527760
7.214945226, 124.249528919
7.214945402, 124.249530078
7.214945578, 124.249531237
7.214945754, 124.249532397
7.214945930, 124.249533556
7.214946106, 124.249534715
7.214946282, 124.249535874
7.214946458, 124.249537034
7.214946634, 124.249538193
7.214946810, 124.249539352
7.214946986, 124.249540511
7.214947162, 124.249541670
7.214947338, 124.249542830
7.214947514, 124.249543989
7.214947690, 124.249545148
7.214947866, 124.249546307
7.214948042, 124.249547466
7.214948218, 124.249548626
7.214948394, 124.249549785
7.214948570, 124.249550944
7.214948746, 124.249552103
7.214948922, 124.249553263
7.214949098, 124.249554422
7.214949274, 124.249555581
7.214949450, 124.249556740
7.214949626, 124.249557899
7.214949802, 124.249559059
7.214949978, 124.249560218
7.214950154, 124.249561377
7.214950330, 124.249562536
7.214950506, 124.249563696
7.214950682, 124.249564855
7.214950858, 124.249566014
7.214951034, 124.249567173
7.214951209, 124.249568332
7.214951385, 124.249569492
7.214951561, 124.249570651
7.214951737, 124.249571810
7.214951913, 124.249572969
7.214952089, 124.249574128
7.214952265, 124.249575288
7.214952441, 124.249576447
7.214952617, 124.249577606
7.214952793, 124.249578765
7.214952969, 124.249579925
7.214953145, 124.249581084
7.214953321, 124.249582243
7.214953497, 124.249583402
7.214953673, 124.249584561
7.214953849, 124.249585721
7.214954025, 124.249586880
7.214954201, 124.249588039
7.214954377, 124.249589198
7.214954553, 124.249590358
7.214954729, 124.249591517
7.214954905, 124.249592676
7.214955081, 124.249593835
7.214955257, 124.249594994
7.214955433, 124.249596154
7.214955609, 124.249597313
7.214955785, 124.249598472
7.214955961, 124.249599631
7.214956137, 124.249600791
7.214956313, 124.249601950
7.214956489, 124.249603109
7.214956665, 124.249604268
7.214956841, 124.249605427
7.214957017, 124.249606587
7.214957193, 124.249607746
7.214957369, 124.249608905
7.214957545, 124.249610064
7.214957721, 124.249611223
7.214957897, 124.249612383
7.214958073, 124.249613542
7.214958249, 124.249614701
7.214958425, 124.249615860
7.214958601, 124.249617020
7.214958777, 124.249618179
7.214958953, 124.249619338
7.214959128, 124.249620497
7.214959304, 124.249621656
7.214959480, 124.249622816
7.214959656, 124.249623975
7.214959832, 124.249625134
7.214960008, 124.249626293
7.214960184, 124.249627453
7.214960360, 124.249628612
7.214960536, 124.249629771
7.214960712, 124.249630930
7.214960888, 124.249632089
7.214961064, 124.249633249
7.214961240, 124.249634408
7.214961416, 124.249635567
7.214961592, 124.249636726
7.214961768, 124.249637885
7.214961944, 124.249639045
7.214962120, 124.249640204
7.214962296, 124.249641363
7.214962472, 124.249642522
7.214962648, 124.249643682
7.214962824, 124.249644841
7.214963000, 124.249646000
